0 0 0 0 -10 -7 0 -5 -2
0 0 0 -10 -7 -4 -5 -2 1
0 0 0 -7 -4 -1 -2 1 4
0 0 0 -4 -1 2 1 4 7
0 0 0 -1 2 5 4 7 10
0 0 0 2 5 8 7 10 -10
0 0 0 5 8 11 10 -10 -7
0 0 0 8 11 0 -10 -7 0
0 -10 -7 0 -5 -2 0 7 3
-10 -7 -4 -5 -2 1 7 3 6
-7 -4 -1 -2 1 4 3 6 9
-4 -1 2 1 4 7 6 9 -11
-1 2 5 4 7 10 9 -11 -8
2 5 8 7 10 -10 -11 -8 -5
5 8 11 10 -10 -7 -8 -5 -2
8 11 0 -10 -7 0 -5 -2 0
0 -5 -2 0 7 3 0 5 8
-5 -2 1 7 3 6 5 8 11
-2 1 4 3 6 9 8 11 -9
1 4 7 6 9 -11 11 -9 -6
4 7 10 9 -11 -8 -9 -6 -3
7 10 -10 -11 -8 -5 -6 -3 7
10 -10 -7 -8 -5 -2 -3 7 3
-10 -7 0 -5 -2 0 7 3 0
0 7 3 0 5 8 0 10 -10
7 3 6 5 8 11 10 -10 -7
3 6 9 8 11 -9 -10 -7 -4
6 9 -11 11 -9 -6 -7 -4 -1
9 -11 -8 -9 -6 -3 -4 -1 2
-11 -8 -5 -6 -3 7 -1 2 5
-8 -5 -2 -3 7 3 2 5 8
-5 -2 0 7 3 0 5 8 0
0 5 8 0 10 -10 0 -8 -5
5 8 11 10 -10 -7 -8 -5 -2
8 11 -9 -10 -7 -4 -5 -2 1
11 -9 -6 -7 -4 -1 -2 1 4
-9 -6 -3 -4 -1 2 1 4 7
-6 -3 7 -1 2 5 4 7 10
-3 7 3 2 5 8 7 10 -10
7 3 0 5 8 0 10 -10 0
0 10 -10 0 -8 -5 0 -3 7
10 -10 -7 -8 -5 -2 -3 7 3
-10 -7 -4 -5 -2 1 7 3 6
-7 -4 -1 -2 1 4 3 6 9
-4 -1 2 1 4 7 6 9 -11
-1 2 5 4 7 10 9 -11 -8
2 5 8 7 10 -10 -11 -8 -5
5 8 0 10 -10 0 -8 -5 0
0 -8 -5 0 -3 7 0 2 5
-8 -5 -2 -3 7 3 2 5 8
-5 -2 1 7 3 6 5 8 11
-2 1 4 3 6 9 8 11 -9
1 4 7 6 9 -11 11 -9 -6
4 7 10 9 -11 -8 -9 -6 -3
7 10 -10 -11 -8 -5 -6 -3 7
10 -10 0 -8 -5 0 -3 7 0
0 -3 7 0 2 5 0 0 0
-3 7 3 2 5 8 0 0 0
7 3 6 5 8 11 0 0 0
3 6 9 8 11 -9 0 0 0
6 9 -11 11 -9 -6 0 0 0
9 -11 -8 -9 -6 -3 0 0 0
-11 -8 -5 -6 -3 7 0 0 0
-8 -5 0 -3 7 0 0 0 0
