-16 -12 28 66
18 -8 12 36
18 4 9 27
18 16 6 18
18 28 3 9
-5 17 0 -23
-5 -17 -26 -55
-6 -24 -43 -97
-8 44 15 31
17 47 0 7
24 40 0 0
1 17 0 -23
1 -29 -23 -46
-22 -52 -46 -92
-22 -52 46 92
17 -39 27 58
12 30 -25 -47
10 40 7 7
1 17 0 -23
-45 -29 -46 -69
-22 -52 46 92
8 -22 23 53
1 31 7 30
13 37 -1 4
9 -7 5 -22
-6 -36 -23 -39
-22 -52 -46 -92
-45 -29 46 69
1 17 0 23
38 40 7 7
24 40 -28 -56
-14 30 1 -11
-17 -39 -53 -90
-22 -52 46 92
1 -29 23 46
1 17 0 23
24 40 0 0
31 33 0 7
1 3 7 -16
-27 -23 -34 -49
-13 -9 34 63
1 31 7 30
17 47 0 7
24 40 0 0
1 17 0 -23
1 -29 -23 -46
-22 -52 -46 -92
-17 -39 53 90
14 30 13 25
24 40 -28 -56
10 40 7 7
1 17 0 -23
-45 -29 -46 -69
-22 -52 46 92
8 -22 23 53
9 21 9 36
17 -1 -6 -7
18 -14 -3 -23
11 -19 -13 -32
-28 -24 -39 -71
-51 -13 50 81
-5 21 1 26
32 32 5 1
14 18 -36 -72
