-16 -12 28 66 -76 -56 -9 -7 16 12 -28 -66 76 56 9 7 -32 -24 56 132 -152 -112 -18 -14 32 24 -56 -132 152 112 18 14
18 -8 12 36 78 -32 12 -6 -18 8 -12 -36 -78 32 -12 6 36 -16 24 72 156 -64 24 -12 -36 16 -24 -72 -156 64 -24 12
18 4 9 27 78 16 12 3 -18 -4 -9 -27 -78 -16 -12 -3 36 8 18 54 156 32 24 6 -36 -8 -18 -54 -156 -32 -24 -6
18 16 6 18 78 64 12 12 -18 -16 -6 -18 -78 -64 -12 -12 36 32 12 36 156 128 24 24 -36 -32 -12 -36 -156 -128 -24 -24
18 28 3 9 78 112 12 21 -18 -28 -3 -9 -78 -112 -12 -21 36 56 6 18 156 224 24 42 -36 -56 -6 -18 -156 -224 -24 -42
-5 17 0 -23 9 91 -11 7 5 -17 0 23 -9 -91 11 -7 -10 34 0 -46 18 182 -22 14 10 -34 0 46 -18 -182 22 -14
-5 -17 -26 -55 9 -91 -11 -7 5 17 26 55 -9 91 11 7 -10 -34 -52 -110 18 -182 -22 -14 10 34 52 110 -18 182 22 14
-6 -24 -43 -97 -50 -100 2 -17 6 24 43 97 50 100 -2 17 -12 -48 -86 -194 -100 -200 4 -34 12 48 86 194 100 200 -4 34
-8 44 15 31 -32 200 -6 27 8 -44 -15 -31 32 -200 6 -27 -16 88 30 62 -64 400 -12 54 16 -88 -30 -62 64 -400 12 -54
17 47 0 7 75 181 11 37 -17 -47 0 -7 -75 -181 -11 -37 34 94 0 14 150 362 22 74 -34 -94 0 -14 -150 -362 -22 -74
24 40 0 0 96 160 18 30 -24 -40 0 0 -96 -160 -18 -30 48 80 0 0 192 320 36 60 -48 -80 0 0 -192 -320 -36 -60
1 17 0 -23 27 91 -5 7 -1 -17 0 23 -27 -91 5 -7 2 34 0 -46 54 182 -10 14 -2 -34 0 46 -54 -182 10 -14
1 -29 -23 -46 27 -139 -5 -16 -1 29 23 46 -27 139 5 16 2 -58 -46 -92 54 -278 -10 -32 -2 58 46 92 -54 278 10 32
-22 -52 -46 -92 -134 -208 -5 -39 22 52 46 92 134 208 5 39 -44 -104 -92 -184 -268 -416 -10 -78 44 104 92 184 268 416 10 78
-22 -52 46 92 -134 -208 -5 -39 22 52 -46 -92 134 208 5 39 -44 -104 92 184 -268 -416 -10 -78 44 104 -92 -184 268 416 10 78
17 -39 27 58 91 -169 7 -26 -17 39 -27 -58 -91 169 -7 26 34 -78 54 116 182 -338 14 -52 -34 78 -54 -116 -182 338 -14 52
12 30 -25 -47 48 130 9 20 -12 -30 25 47 -48 -130 -9 -20 24 60 -50 -94 96 260 18 40 -24 -60 50 94 -96 -260 -18 -40
10 40 7 7 26 160 11 30 -10 -40 -7 -7 -26 -160 -11 -30 20 80 14 14 52 320 22 60 -20 -80 -14 -14 -52 -320 -22 -60
1 17 0 -23 27 91 -5 7 -1 -17 0 23 -27 -91 5 -7 2 34 0 -46 54 182 -10 14 -2 -34 0 46 -54 -182 10 -14
-45 -29 -46 -69 -203 -139 -28 -16 45 29 46 69 203 139 28 16 -90 -58 -92 -138 -406 -278 -56 -32 90 58 92 138 406 278 56 32
-22 -52 46 92 -134 -208 -5 -39 22 52 -46 -92 134 208 5 39 -44 -104 92 184 -268 -416 -10 -78 44 104 -92 -184 268 416 10 78
8 -22 23 53 48 -118 2 -9 -8 22 -23 -53 -48 118 -2 9 16 -44 46 106 96 -236 4 -18 -16 44 -46 -106 -96 236 -4 18
1 31 7 30 27 161 -5 14 -1 -31 -7 -30 -27 -161 5 -14 2 62 14 60 54 322 -10 28 -2 -62 -14 -60 -54 -322 10 -28
13 37 -1 4 59 151 8 27 -13 -37 1 -4 -59 -151 -8 -27 26 74 -2 8 118 302 16 54 -26 -74 2 -8 -118 -302 -16 -54
9 -7 5 -22 59 -9 1 -10 -9 7 -5 22 -59 9 -1 10 18 -14 10 -44 118 -18 2 -20 -18 14 -10 44 -118 18 -2 20
-6 -36 -23 -39 6 -160 -12 -23 6 36 23 39 -6 160 12 23 -12 -72 -46 -78 12 -320 -24 -46 12 72 46 78 -12 320 24 46
-22 -52 -46 -92 -134 -208 -5 -39 22 52 46 92 134 208 5 39 -44 -104 -92 -184 -268 -416 -10 -78 44 104 92 184 268 416 10 78
-45 -29 46 69 -203 -139 -28 -16 45 29 -46 -69 203 139 28 16 -90 -58 92 138 -406 -278 -56 -32 90 58 -92 -138 406 278 56 32
1 17 0 23 27 91 -5 7 -1 -17 0 -23 -27 -91 5 -7 2 34 0 46 54 182 -10 14 -2 -34 0 -46 -54 -182 10 -14
38 40 7 7 166 160 25 30 -38 -40 -7 -7 -166 -160 -25 -30 76 80 14 14 332 320 50 60 -76 -80 -14 -14 -332 -320 -50 -60
24 40 -28 -56 96 160 18 30 -24 -40 28 56 -96 -160 -18 -30 48 80 -56 -112 192 320 36 60 -48 -80 56 112 -192 -320 -36 -60
-14 30 1 -11 -70 130 -7 20 14 -30 -1 11 70 -130 7 -20 -28 60 2 -22 -140 260 -14 40 28 -60 -2 22 140 -260 14 -40
-17 -39 -53 -90 -91 -169 -7 -26 17 39 53 90 91 169 7 26 -34 -78 -106 -180 -182 -338 -14 -52 34 78 106 180 182 338 14 52
-22 -52 46 92 -134 -208 -5 -39 22 52 -46 -92 134 208 5 39 -44 -104 92 184 -268 -416 -10 -78 44 104 -92 -184 268 416 10 78
1 -29 23 46 27 -139 -5 -16 -1 29 -23 -46 -27 139 5 16 2 -58 46 92 54 -278 -10 -32 -2 58 -46 -92 -54 278 10 32
1 17 0 23 27 91 -5 7 -1 -17 0 -23 -27 -91 5 -7 2 34 0 46 54 182 -10 14 -2 -34 0 -46 -54 -182 10 -14
24 40 0 0 96 160 18 30 -24 -40 0 0 -96 -160 -18 -30 48 80 0 0 192 320 36 60 -48 -80 0 0 -192 -320 -36 -60
31 33 0 7 117 139 25 23 -31 -33 0 -7 -117 -139 -25 -23 62 66 0 14 234 278 50 46 -62 -66 0 -14 -234 -278 -50 -46
1 3 7 -16 27 21 -5 0 -1 -3 -7 16 -27 -21 5 0 2 6 14 -32 54 42 -10 0 -2 -6 -14 32 -54 -42 10 0
-27 -23 -34 -49 -101 -121 -22 -10 27 23 34 49 101 121 22 10 -54 -46 -68 -98 -202 -242 -44 -20 54 46 68 98 202 242 44 20
-13 -9 34 63 -59 -79 -8 4 13 9 -34 -63 59 79 8 -4 -26 -18 68 126 -118 -158 -16 8 26 18 -68 -126 118 158 16 -8
1 31 7 30 27 161 -5 14 -1 -31 -7 -30 -27 -161 5 -14 2 62 14 60 54 322 -10 28 -2 -62 -14 -60 -54 -322 10 -28
17 47 0 7 75 181 11 37 -17 -47 0 -7 -75 -181 -11 -37 34 94 0 14 150 362 22 74 -34 -94 0 -14 -150 -362 -22 -74
24 40 0 0 96 160 18 30 -24 -40 0 0 -96 -160 -18 -30 48 80 0 0 192 320 36 60 -48 -80 0 0 -192 -320 -36 -60
1 17 0 -23 27 91 -5 7 -1 -17 0 23 -27 -91 5 -7 2 34 0 -46 54 182 -10 14 -2 -34 0 46 -54 -182 10 -14
1 -29 -23 -46 27 -139 -5 -16 -1 29 23 46 -27 139 5 16 2 -58 -46 -92 54 -278 -10 -32 -2 58 46 92 -54 278 10 32
-22 -52 -46 -92 -134 -208 -5 -39 22 52 46 92 134 208 5 39 -44 -104 -92 -184 -268 -416 -10 -78 44 104 92 184 268 416 10 78
-17 -39 53 90 -91 -169 -7 -26 17 39 -53 -90 91 169 7 26 -34 -78 106 180 -182 -338 -14 -52 34 78 -106 -180 182 338 14 52
14 30 13 25 70 130 7 20 -14 -30 -13 -25 -70 -130 -7 -20 28 60 26 50 140 260 14 40 -28 -60 -26 -50 -140 -260 -14 -40
24 40 -28 -56 96 160 18 30 -24 -40 28 56 -96 -160 -18 -30 48 80 -56 -112 192 320 36 60 -48 -80 56 112 -192 -320 -36 -60
10 40 7 7 26 160 11 30 -10 -40 -7 -7 -26 -160 -11 -30 20 80 14 14 52 320 22 60 -20 -80 -14 -14 -52 -320 -22 -60
1 17 0 -23 27 91 -5 7 -1 -17 0 23 -27 -91 5 -7 2 34 0 -46 54 182 -10 14 -2 -34 0 46 -54 -182 10 -14
-45 -29 -46 -69 -203 -139 -28 -16 45 29 46 69 203 139 28 16 -90 -58 -92 -138 -406 -278 -56 -32 90 58 92 138 406 278 56 32
-22 -52 46 92 -134 -208 -5 -39 22 52 -46 -92 134 208 5 39 -44 -104 92 184 -268 -416 -10 -78 44 104 -92 -184 268 416 10 78
8 -22 23 53 48 -118 2 -9 -8 22 -23 -53 -48 118 -2 9 16 -44 46 106 96 -236 4 -18 -16 44 -46 -106 -96 236 -4 18
9 21 9 36 59 131 1 4 -9 -21 -9 -36 -59 -131 -1 -4 18 42 18 72 118 262 2 8 -18 -42 -18 -72 -118 -262 -2 -8
17 -1 -6 -7 71 9 12 -4 -17 1 6 7 -71 -9 -12 4 34 -2 -12 -14 142 18 24 -8 -34 2 12 14 -142 -18 -24 8
18 -14 -3 -23 78 -70 12 -7 -18 14 3 23 -78 70 -12 7 36 -28 -6 -46 156 -140 24 -14 -36 28 6 46 -156 140 -24 14
11 -19 -13 -32 57 -69 5 -16 -11 19 13 32 -57 69 -5 16 22 -38 -26 -64 114 -138 10 -32 -22 38 26 64 -114 138 -10 32
-28 -24 -39 -71 -152 -96 -11 -18 28 24 39 71 152 96 11 18 -56 -48 -78 -142 -304 -192 -22 -36 56 48 78 142 304 192 22 36
-51 -13 50 81 -221 -75 -34 -4 51 13 -50 -81 221 75 34 4 -102 -26 100 162 -442 -150 -68 -8 102 26 -100 -162 442 150 68 8
-5 21 1 26 9 107 -11 10 5 -21 -1 -26 -9 -107 11 -10 -10 42 2 52 18 214 -22 20 10 -42 -2 -52 -18 -214 22 -20
32 32 5 1 148 128 19 24 -32 -32 -5 -1 -148 -128 -19 -24 64 64 10 2 296 256 38 48 -64 -64 -10 -2 -296 -256 -38 -48
14 18 -36 -72 54 74 11 13 -14 -18 36 72 -54 -74 -11 -13 28 36 -72 -144 108 148 22 26 -28 -36 72 144 -108 -148 -22 -26
