-16 -12 28 66 -76 -56 -9 -7
18 -8 12 36 78 -32 12 -6
18 4 9 27 78 16 12 3
18 16 6 18 78 64 12 12
18 28 3 9 78 112 12 21
-5 17 0 -23 9 91 -11 7
-5 -17 -26 -55 9 -91 -11 -7
-6 -24 -43 -97 -50 -100 2 -17
-8 44 15 31 -32 200 -6 27
17 47 0 7 75 181 11 37
24 40 0 0 96 160 18 30
1 17 0 -23 27 91 -5 7
1 -29 -23 -46 27 -139 -5 -16
-22 -52 -46 -92 -134 -208 -5 -39
-22 -52 46 92 -134 -208 -5 -39
17 -39 27 58 91 -169 7 -26
12 30 -25 -47 48 130 9 20
10 40 7 7 26 160 11 30
1 17 0 -23 27 91 -5 7
-45 -29 -46 -69 -203 -139 -28 -16
-22 -52 46 92 -134 -208 -5 -39
8 -22 23 53 48 -118 2 -9
1 31 7 30 27 161 -5 14
13 37 -1 4 59 151 8 27
9 -7 5 -22 59 -9 1 -10
-6 -36 -23 -39 6 -160 -12 -23
-22 -52 -46 -92 -134 -208 -5 -39
-45 -29 46 69 -203 -139 -28 -16
1 17 0 23 27 91 -5 7
38 40 7 7 166 160 25 30
24 40 -28 -56 96 160 18 30
-14 30 1 -11 -70 130 -7 20
-17 -39 -53 -90 -91 -169 -7 -26
-22 -52 46 92 -134 -208 -5 -39
1 -29 23 46 27 -139 -5 -16
1 17 0 23 27 91 -5 7
24 40 0 0 96 160 18 30
31 33 0 7 117 139 25 23
1 3 7 -16 27 21 -5 0
-27 -23 -34 -49 -101 -121 -22 -10
-13 -9 34 63 -59 -79 -8 4
1 31 7 30 27 161 -5 14
17 47 0 7 75 181 11 37
24 40 0 0 96 160 18 30
1 17 0 -23 27 91 -5 7
1 -29 -23 -46 27 -139 -5 -16
-22 -52 -46 -92 -134 -208 -5 -39
-17 -39 53 90 -91 -169 -7 -26
14 30 13 25 70 130 7 20
24 40 -28 -56 96 160 18 30
10 40 7 7 26 160 11 30
1 17 0 -23 27 91 -5 7
-45 -29 -46 -69 -203 -139 -28 -16
-22 -52 46 92 -134 -208 -5 -39
8 -22 23 53 48 -118 2 -9
9 21 9 36 59 131 1 4
17 -1 -6 -7 71 9 12 -4
18 -14 -3 -23 78 -70 12 -7
11 -19 -13 -32 57 -69 5 -16
-28 -24 -39 -71 -152 -96 -11 -18
-51 -13 50 81 -221 -75 -34 -4
-5 21 1 26 9 107 -11 10
32 32 5 1 148 128 19 24
14 18 -36 -72 54 74 11 13
